9999
5000 2500 1250 625 313 157 79 40 20 10 5 3 2 1 4 8 7 6 9 15 13 12 11 14 18 17 16 19 30 25 23 22 21 24 28 27 26 29 35 33 32 31 34 38 37 36 39 60 50 45 43 42 41 44 48 47 46 49 55 53 52 51 54 58 57 56 59 70 65 63 62 61 64 68 67 66 69 75 73 72 71 74 77 76 78 118 99 89 84 82 81 80 83 87 86 85 88 94 92 91
90 93 97 96 95 98 109 104 102 101 100 103 107 106 105 108 114 112 111 110 113 116 115 117 138 128 123 121 120 119 122 126 125 124 127 133 131 130 129 132 136 135 134 137 148 143 141 140 139 142 146 145 144 147 153 151 150 149 152 155 154 156 235 196 177 167 162 160 159 158 161 165 164 163 166 172 170 169 168 171 175 174 173 176 187 182 180 179 178 181 185 184 183 186 192 190 189 188 191 194
193 195 216 206 201 199 198 197 200 204 203 202 205 211 209 208 207 210 214 213 212 215 226 221 219 218 217 220 224 223 222 225 231 229 228 227 230 233 232 234 274 255 245 240 238 237 236 239 243 242 241 244 250 248 247 246 249 253 252 251 254 265 260 258 257 256 259 263 262 261 264 270 268 267 266 269 272 271 273 294 284 279 277 276 275 278 282 281 280 283 289 287 286 285 288 292 291 290 293 304
299 297 296 295 298 302 301 300 303 309 307 306 305 308 311 310 312 469 391 352 333 323 318 316 315 314 317 321 320 319 322 328 326 325 324 327 331 330 329 332 343 338 336 335 334 337 341 340 339 342 348 346 345 344 347 350 349 351 372 362 357 355 354 353 356 360 359 358 361 367 365 364 363 366 370 369 368 371 382 377 375 374 373 376 380 379 378 381 387 385 384 383 386 389 388 390 430 411 401 396
394 393 392 395 399 398 397 400 406 404 403 402 405 409 408 407 410 421 416 414 413 412 415 419 418 417 420 426 424 423 422 425 428 427 429 450 440 435 433 432 431 434 438 437 436 439 445 443 442 441 444 448 447 446 449 460 455 453 452 451 454 458 457 456 459 465 463 462 461 464 467 466 468 547 508 489 479 474 472 471 470 473 477 476 475 478 484 482 481 480 483 487 486 485 488 499 494 492 491 490
493 497 496 495 498 504 502 501 500 503 506 505 507 528 518 513 511 510 509 512 516 515 514 517 523 521 520 519 522 526 525 524 527 538 533 531 530 529 532 536 535 534 537 543 541 540 539 542 545 544 546 586 567 557 552 550 549 548 551 555 554 553 556 562 560 559 558 561 565 564 563 566 577 572 570 569 568 571 575 574 573 576 582 580 579 578 581 584 583 585 606 596 591 589 588 587 590 594 593 592
595 601 599 598 597 600 604 603 602 605 616 611 609 608 607 610 614 613 612 615 621 619 618 617 620 623 622 624 938 782 704 665 645 635 630 628 627 626 629 633 632 631 634 640 638 637 636 639 643 642 641 644 655 650 648 647 646 649 653 652 651 654 660 658 657 656 659 663 662 661 664 685 675 670 668 667 666 669 673 672 671 674 680 678 677 676 679 683 682 681 684 695 690 688 687 686 689 693 692 691
694 700 698 697 696 699 702 701 703 743 724 714 709 707 706 705 708 712 711 710 713 719 717 716 715 718 722 721 720 723 734 729 727 726 725 728 732 731 730 733 739 737 736 735 738 741 740 742 763 753 748 746 745 744 747 751 750 749 752 758 756 755 754 757 761 760 759 762 773 768 766 765 764 767 771 770 769 772 778 776 775 774 777 780 779 781 860 821 802 792 787 785 784 783 786 790 789 788 791 797
795 794 793 796 800 799 798 801 812 807 805 804 803 806 810 809 808 811 817 815 814 813 816 819 818 820 841 831 826 824 823 822 825 829 828 827 830 836 834 833 832 835 839 838 837 840 851 846 844 843 842 845 849 848 847 850 856 854 853 852 855 858 857 859 899 880 870 865 863 862 861 864 868 867 866 869 875 873 872 871 874 878 877 876 879 890 885 883 882 881 884 888 887 886 889 895 893 892 891 894
897 896 898 919 909 904 902 901 900 903 907 906 905 908 914 912 911 910 913 917 916 915 918 929 924 922 921 920 923 927 926 925 928 934 932 931 930 933 936 935 937 1094 1016 977 958 948 943 941 940 939 942 946 945 944 947 953 951 950 949 952 956 955 954 957 968 963 961 960 959 962 966 965 964 967 973 971 970 969 972 975 974 976 997 987 982 980 979 978 981 985 984 983 986 992 990 989 988 991 995 994
993 996 1007 1002 1000 999 998 1001 1005 1004 1003 1006 1012 1010 1009 1008 1011 1014 1013 1015 1055 1036 1026 1021 1019 1018 1017 1020 1024 1023 1022 1025 1031 1029 1028 1027 1030 1034 1033 1032 1035 1046 1041 1039 1038 1037 1040 1044 1043 1042 1045 1051 1049 1048 1047 1050 1053 1052 1054 1075 1065 1060 1058 1057 1056 1059 1063 1062 1061 1064 1070 1068 1067 1066 1069 1073 1072 1071 1074 1085 1080 1078 1077 1076 1079 1083 1082 1081 1084 1090 1088 1087 1086 1089 1092 1091 1093 1172 1133 1114
1104 1099 1097 1096 1095 1098 1102 1101 1100 1103 1109 1107 1106 1105 1108 1112 1111 1110 1113 1124 1119 1117 1116 1115 1118 1122 1121 1120 1123 1129 1127 1126 1125 1128 1131 1130 1132 1153 1143 1138 1136 1135 1134 1137 1141 1140 1139 1142 1148 1146 1145 1144 1147 1151 1150 1149 1152 1163 1158 1156 1155 1154 1157 1161 1160 1159 1162 1168 1166 1165 1164 1167 1170 1169 1171 1211 1192 1182 1177 1175 1174 1173 1176 1180 1179 1178 1181 1187 1185 1184 1183 1186 1190 1189 1188 1191 1202 1197 1195 1194
1193 1196 1200 1199 1198 1201 1207 1205 1204 1203 1206 1209 1208 1210 1231 1221 1216 1214 1213 1212 1215 1219 1218 1217 1220 1226 1224 1223 1222 1225 1229 1228 1227 1230 1241 1236 1234 1233 1232 1235 1239 1238 1237 1240 1246 1244 1243 1242 1245 1248 1247 1249 1875 1563 1407 1329 1290 1270 1260 1255 1253 1252 1251 1254 1258 1257 1256 1259 1265 1263 1262 1261 1264 1268 1267 1266 1269 1280 1275 1273 1272 1271 1274 1278 1277 1276 1279 1285 1283 1282 1281 1284 1288 1287 1286 1289 1310 1300 1295 1293
1292 1291 1294 1298 1297 1296 1299 1305 1303 1302 1301 1304 1308 1307 1306 1309 1320 1315 1313 1312 1311 1314 1318 1317 1316 1319 1325 1323 1322 1321 1324 1327 1326 1328 1368 1349 1339 1334 1332 1331 1330 1333 1337 1336 1335 1338 1344 1342 1341 1340 1343 1347 1346 1345 1348 1359 1354 1352 1351 1350 1353 1357 1356 1355 1358 1364 1362 1361 1360 1363 1366 1365 1367 1388 1378 1373 1371 1370 1369 1372 1376 1375 1374 1377 1383 1381 1380 1379 1382 1386 1385 1384 1387 1398 1393 1391 1390 1389 1392 1396
1395 1394 1397 1403 1401 1400 1399 1402 1405 1404 1406 1485 1446 1427 1417 1412 1410 1409 1408 1411 1415 1414 1413 1416 1422 1420 1419 1418 1421 1425 1424 1423 1426 1437 1432 1430 1429 1428 1431 1435 1434 1433 1436 1442 1440 1439 1438 1441 1444 1443 1445 1466 1456 1451 1449 1448 1447 1450 1454 1453 1452 1455 1461 1459 1458 1457 1460 1464 1463 1462 1465 1476 1471 1469 1468 1467 1470 1474 1473 1472 1475 1481 1479 1478 1477 1480 1483 1482 1484 1524 1505 1495 1490 1488 1487 1486 1489 1493 1492 1491
1494 1500 1498 1497 1496 1499 1503 1502 1501 1504 1515 1510 1508 1507 1506 1509 1513 1512 1511 1514 1520 1518 1517 1516 1519 1522 1521 1523 1544 1534 1529 1527 1526 1525 1528 1532 1531 1530 1533 1539 1537 1536 1535 1538 1542 1541 1540 1543 1554 1549 1547 1546 1545 1548 1552 1551 1550 1553 1559 1557 1556 1555 1558 1561 1560 1562 1719 1641 1602 1583 1573 1568 1566 1565 1564 1567 1571 1570 1569 1572 1578 1576 1575 1574 1577 1581 1580 1579 1582 1593 1588 1586 1585 1584 1587 1591 1590 1589 1592 1598
1596 1595 1594 1597 1600 1599 1601 1622 1612 1607 1605 1604 1603 1606 1610 1609 1608 1611 1617 1615 1614 1613 1616 1620 1619 1618 1621 1632 1627 1625 1624 1623 1626 1630 1629 1628 1631 1637 1635 1634 1633 1636 1639 1638 1640 1680 1661 1651 1646 1644 1643 1642 1645 1649 1648 1647 1650 1656 1654 1653 1652 1655 1659 1658 1657 1660 1671 1666 1664 1663 1662 1665 1669 1668 1667 1670 1676 1674 1673 1672 1675 1678 1677 1679 1700 1690 1685 1683 1682 1681 1684 1688 1687 1686 1689 1695 1693 1692 1691 1694
1698 1697 1696 1699 1710 1705 1703 1702 1701 1704 1708 1707 1706 1709 1715 1713 1712 1711 1714 1717 1716 1718 1797 1758 1739 1729 1724 1722 1721 1720 1723 1727 1726 1725 1728 1734 1732 1731 1730 1733 1737 1736 1735 1738 1749 1744 1742 1741 1740 1743 1747 1746 1745 1748 1754 1752 1751 1750 1753 1756 1755 1757 1778 1768 1763 1761 1760 1759 1762 1766 1765 1764 1767 1773 1771 1770 1769 1772 1776 1775 1774 1777 1788 1783 1781 1780 1779 1782 1786 1785 1784 1787 1793 1791 1790 1789 1792 1795 1794 1796
1836 1817 1807 1802 1800 1799 1798 1801 1805 1804 1803 1806 1812 1810 1809 1808 1811 1815 1814 1813 1816 1827 1822 1820 1819 1818 1821 1825 1824 1823 1826 1832 1830 1829 1828 1831 1834 1833 1835 1856 1846 1841 1839 1838 1837 1840 1844 1843 1842 1845 1851 1849 1848 1847 1850 1854 1853 1852 1855 1866 1861 1859 1858 1857 1860 1864 1863 1862 1865 1871 1869 1868 1867 1870 1873 1872 1874 2188 2032 1954 1915 1895 1885 1880 1878 1877 1876 1879 1883 1882 1881 1884 1890 1888 1887 1886 1889 1893 1892 1891
1894 1905 1900 1898 1897 1896 1899 1903 1902 1901 1904 1910 1908 1907 1906 1909 1913 1912 1911 1914 1935 1925 1920 1918 1917 1916 1919 1923 1922 1921 1924 1930 1928 1927 1926 1929 1933 1932 1931 1934 1945 1940 1938 1937 1936 1939 1943 1942 1941 1944 1950 1948 1947 1946 1949 1952 1951 1953 1993 1974 1964 1959 1957 1956 1955 1958 1962 1961 1960 1963 1969 1967 1966 1965 1968 1972 1971 1970 1973 1984 1979 1977 1976 1975 1978 1982 1981 1980 1983 1989 1987 1986 1985 1988 1991 1990 1992 2013 2003 1998
1996 1995 1994 1997 2001 2000 1999 2002 2008 2006 2005 2004 2007 2011 2010 2009 2012 2023 2018 2016 2015 2014 2017 2021 2020 2019 2022 2028 2026 2025 2024 2027 2030 2029 2031 2110 2071 2052 2042 2037 2035 2034 2033 2036 2040 2039 2038 2041 2047 2045 2044 2043 2046 2050 2049 2048 2051 2062 2057 2055 2054 2053 2056 2060 2059 2058 2061 2067 2065 2064 2063 2066 2069 2068 2070 2091 2081 2076 2074 2073 2072 2075 2079 2078 2077 2080 2086 2084 2083 2082 2085 2089 2088 2087 2090 2101 2096 2094 2093 2092
2095 2099 2098 2097 2100 2106 2104 2103 2102 2105 2108 2107 2109 2149 2130 2120 2115 2113 2112 2111 2114 2118 2117 2116 2119 2125 2123 2122 2121 2124 2128 2127 2126 2129 2140 2135 2133 2132 2131 2134 2138 2137 2136 2139 2145 2143 2142 2141 2144 2147 2146 2148 2169 2159 2154 2152 2151 2150 2153 2157 2156 2155 2158 2164 2162 2161 2160 2163 2167 2166 2165 2168 2179 2174 2172 2171 2170 2173 2177 2176 2175 2178 2184 2182 2181 2180 2183 2186 2185 2187 2344 2266 2227 2208 2198 2193 2191 2190 2189 2192
2196 2195 2194 2197 2203 2201 2200 2199 2202 2206 2205 2204 2207 2218 2213 2211 2210 2209 2212 2216 2215 2214 2217 2223 2221 2220 2219 2222 2225 2224 2226 2247 2237 2232 2230 2229 2228 2231 2235 2234 2233 2236 2242 2240 2239 2238 2241 2245 2244 2243 2246 2257 2252 2250 2249 2248 2251 2255 2254 2253 2256 2262 2260 2259 2258 2261 2264 2263 2265 2305 2286 2276 2271 2269 2268 2267 2270 2274 2273 2272 2275 2281 2279 2278 2277 2280 2284 2283 2282 2285 2296 2291 2289 2288 2287 2290 2294 2293 2292 2295
2301 2299 2298 2297 2300 2303 2302 2304 2325 2315 2310 2308 2307 2306 2309 2313 2312 2311 2314 2320 2318 2317 2316 2319 2323 2322 2321 2324 2335 2330 2328 2327 2326 2329 2333 2332 2331 2334 2340 2338 2337 2336 2339 2342 2341 2343 2422 2383 2364 2354 2349 2347 2346 2345 2348 2352 2351 2350 2353 2359 2357 2356 2355 2358 2362 2361 2360 2363 2374 2369 2367 2366 2365 2368 2372 2371 2370 2373 2379 2377 2376 2375 2378 2381 2380 2382 2403 2393 2388 2386 2385 2384 2387 2391 2390 2389 2392 2398 2396 2395
2394 2397 2401 2400 2399 2402 2413 2408 2406 2405 2404 2407 2411 2410 2409 2412 2418 2416 2415 2414 2417 2420 2419 2421 2461 2442 2432 2427 2425 2424 2423 2426 2430 2429 2428 2431 2437 2435 2434 2433 2436 2440 2439 2438 2441 2452 2447 2445 2444 2443 2446 2450 2449 2448 2451 2457 2455 2454 2453 2456 2459 2458 2460 2481 2471 2466 2464 2463 2462 2465 2469 2468 2467 2470 2476 2474 2473 2472 2475 2479 2478 2477 2480 2491 2486 2484 2483 2482 2485 2489 2488 2487 2490 2496 2494 2493 2492 2495 2498 2497
2499 3750 3125 2813 2657 2579 2540 2520 2510 2505 2503 2502 2501 2504 2508 2507 2506 2509 2515 2513 2512 2511 2514 2518 2517 2516 2519 2530 2525 2523 2522 2521 2524 2528 2527 2526 2529 2535 2533 2532 2531 2534 2538 2537 2536 2539 2560 2550 2545 2543 2542 2541 2544 2548 2547 2546 2549 2555 2553 2552 2551 2554 2558 2557 2556 2559 2570 2565 2563 2562 2561 2564 2568 2567 2566 2569 2575 2573 2572 2571 2574 2577 2576 2578 2618 2599 2589 2584 2582 2581 2580 2583 2587 2586 2585 2588 2594 2592 2591 2590
2593 2597 2596 2595 2598 2609 2604 2602 2601 2600 2603 2607 2606 2605 2608 2614 2612 2611 2610 2613 2616 2615 2617 2638 2628 2623 2621 2620 2619 2622 2626 2625 2624 2627 2633 2631 2630 2629 2632 2636 2635 2634 2637 2648 2643 2641 2640 2639 2642 2646 2645 2644 2647 2653 2651 2650 2649 2652 2655 2654 2656 2735 2696 2677 2667 2662 2660 2659 2658 2661 2665 2664 2663 2666 2672 2670 2669 2668 2671 2675 2674 2673 2676 2687 2682 2680 2679 2678 2681 2685 2684 2683 2686 2692 2690 2689 2688 2691 2694 2693
2695 2716 2706 2701 2699 2698 2697 2700 2704 2703 2702 2705 2711 2709 2708 2707 2710 2714 2713 2712 2715 2726 2721 2719 2718 2717 2720 2724 2723 2722 2725 2731 2729 2728 2727 2730 2733 2732 2734 2774 2755 2745 2740 2738 2737 2736 2739 2743 2742 2741 2744 2750 2748 2747 2746 2749 2753 2752 2751 2754 2765 2760 2758 2757 2756 2759 2763 2762 2761 2764 2770 2768 2767 2766 2769 2772 2771 2773 2794 2784 2779 2777 2776 2775 2778 2782 2781 2780 2783 2789 2787 2786 2785 2788 2792 2791 2790 2793 2804 2799
2797 2796 2795 2798 2802 2801 2800 2803 2809 2807 2806 2805 2808 2811 2810 2812 2969 2891 2852 2833 2823 2818 2816 2815 2814 2817 2821 2820 2819 2822 2828 2826 2825 2824 2827 2831 2830 2829 2832 2843 2838 2836 2835 2834 2837 2841 2840 2839 2842 2848 2846 2845 2844 2847 2850 2849 2851 2872 2862 2857 2855 2854 2853 2856 2860 2859 2858 2861 2867 2865 2864 2863 2866 2870 2869 2868 2871 2882 2877 2875 2874 2873 2876 2880 2879 2878 2881 2887 2885 2884 2883 2886 2889 2888 2890 2930 2911 2901 2896 2894
2893 2892 2895 2899 2898 2897 2900 2906 2904 2903 2902 2905 2909 2908 2907 2910 2921 2916 2914 2913 2912 2915 2919 2918 2917 2920 2926 2924 2923 2922 2925 2928 2927 2929 2950 2940 2935 2933 2932 2931 2934 2938 2937 2936 2939 2945 2943 2942 2941 2944 2948 2947 2946 2949 2960 2955 2953 2952 2951 2954 2958 2957 2956 2959 2965 2963 2962 2961 2964 2967 2966 2968 3047 3008 2989 2979 2974 2972 2971 2970 2973 2977 2976 2975 2978 2984 2982 2981 2980 2983 2987 2986 2985 2988 2999 2994 2992 2991 2990 2993
2997 2996 2995 2998 3004 3002 3001 3000 3003 3006 3005 3007 3028 3018 3013 3011 3010 3009 3012 3016 3015 3014 3017 3023 3021 3020 3019 3022 3026 3025 3024 3027 3038 3033 3031 3030 3029 3032 3036 3035 3034 3037 3043 3041 3040 3039 3042 3045 3044 3046 3086 3067 3057 3052 3050 3049 3048 3051 3055 3054 3053 3056 3062 3060 3059 3058 3061 3065 3064 3063 3066 3077 3072 3070 3069 3068 3071 3075 3074 3073 3076 3082 3080 3079 3078 3081 3084 3083 3085 3106 3096 3091 3089 3088 3087 3090 3094 3093 3092 3095
3101 3099 3098 3097 3100 3104 3103 3102 3105 3116 3111 3109 3108 3107 3110 3114 3113 3112 3115 3121 3119 3118 3117 3120 3123 3122 3124 3438 3282 3204 3165 3145 3135 3130 3128 3127 3126 3129 3133 3132 3131 3134 3140 3138 3137 3136 3139 3143 3142 3141 3144 3155 3150 3148 3147 3146 3149 3153 3152 3151 3154 3160 3158 3157 3156 3159 3163 3162 3161 3164 3185 3175 3170 3168 3167 3166 3169 3173 3172 3171 3174 3180 3178 3177 3176 3179 3183 3182 3181 3184 3195 3190 3188 3187 3186 3189 3193 3192 3191 3194
3200 3198 3197 3196 3199 3202 3201 3203 3243 3224 3214 3209 3207 3206 3205 3208 3212 3211 3210 3213 3219 3217 3216 3215 3218 3222 3221 3220 3223 3234 3229 3227 3226 3225 3228 3232 3231 3230 3233 3239 3237 3236 3235 3238 3241 3240 3242 3263 3253 3248 3246 3245 3244 3247 3251 3250 3249 3252 3258 3256 3255 3254 3257 3261 3260 3259 3262 3273 3268 3266 3265 3264 3267 3271 3270 3269 3272 3278 3276 3275 3274 3277 3280 3279 3281 3360 3321 3302 3292 3287 3285 3284 3283 3286 3290 3289 3288 3291 3297 3295
3294 3293 3296 3300 3299 3298 3301 3312 3307 3305 3304 3303 3306 3310 3309 3308 3311 3317 3315 3314 3313 3316 3319 3318 3320 3341 3331 3326 3324 3323 3322 3325 3329 3328 3327 3330 3336 3334 3333 3332 3335 3339 3338 3337 3340 3351 3346 3344 3343 3342 3345 3349 3348 3347 3350 3356 3354 3353 3352 3355 3358 3357 3359 3399 3380 3370 3365 3363 3362 3361 3364 3368 3367 3366 3369 3375 3373 3372 3371 3374 3378 3377 3376 3379 3390 3385 3383 3382 3381 3384 3388 3387 3386 3389 3395 3393 3392 3391 3394 3397
3396 3398 3419 3409 3404 3402 3401 3400 3403 3407 3406 3405 3408 3414 3412 3411 3410 3413 3417 3416 3415 3418 3429 3424 3422 3421 3420 3423 3427 3426 3425 3428 3434 3432 3431 3430 3433 3436 3435 3437 3594 3516 3477 3458 3448 3443 3441 3440 3439 3442 3446 3445 3444 3447 3453 3451 3450 3449 3452 3456 3455 3454 3457 3468 3463 3461 3460 3459 3462 3466 3465 3464 3467 3473 3471 3470 3469 3472 3475 3474 3476 3497 3487 3482 3480 3479 3478 3481 3485 3484 3483 3486 3492 3490 3489 3488 3491 3495 3494 3493
3496 3507 3502 3500 3499 3498 3501 3505 3504 3503 3506 3512 3510 3509 3508 3511 3514 3513 3515 3555 3536 3526 3521 3519 3518 3517 3520 3524 3523 3522 3525 3531 3529 3528 3527 3530 3534 3533 3532 3535 3546 3541 3539 3538 3537 3540 3544 3543 3542 3545 3551 3549 3548 3547 3550 3553 3552 3554 3575 3565 3560 3558 3557 3556 3559 3563 3562 3561 3564 3570 3568 3567 3566 3569 3573 3572 3571 3574 3585 3580 3578 3577 3576 3579 3583 3582 3581 3584 3590 3588 3587 3586 3589 3592 3591 3593 3672 3633 3614 3604
3599 3597 3596 3595 3598 3602 3601 3600 3603 3609 3607 3606 3605 3608 3612 3611 3610 3613 3624 3619 3617 3616 3615 3618 3622 3621 3620 3623 3629 3627 3626 3625 3628 3631 3630 3632 3653 3643 3638 3636 3635 3634 3637 3641 3640 3639 3642 3648 3646 3645 3644 3647 3651 3650 3649 3652 3663 3658 3656 3655 3654 3657 3661 3660 3659 3662 3668 3666 3665 3664 3667 3670 3669 3671 3711 3692 3682 3677 3675 3674 3673 3676 3680 3679 3678 3681 3687 3685 3684 3683 3686 3690 3689 3688 3691 3702 3697 3695 3694 3693
3696 3700 3699 3698 3701 3707 3705 3704 3703 3706 3709 3708 3710 3731 3721 3716 3714 3713 3712 3715 3719 3718 3717 3720 3726 3724 3723 3722 3725 3729 3728 3727 3730 3741 3736 3734 3733 3732 3735 3739 3738 3737 3740 3746 3744 3743 3742 3745 3748 3747 3749 4375 4063 3907 3829 3790 3770 3760 3755 3753 3752 3751 3754 3758 3757 3756 3759 3765 3763 3762 3761 3764 3768 3767 3766 3769 3780 3775 3773 3772 3771 3774 3778 3777 3776 3779 3785 3783 3782 3781 3784 3788 3787 3786 3789 3810 3800 3795 3793 3792
3791 3794 3798 3797 3796 3799 3805 3803 3802 3801 3804 3808 3807 3806 3809 3820 3815 3813 3812 3811 3814 3818 3817 3816 3819 3825 3823 3822 3821 3824 3827 3826 3828 3868 3849 3839 3834 3832 3831 3830 3833 3837 3836 3835 3838 3844 3842 3841 3840 3843 3847 3846 3845 3848 3859 3854 3852 3851 3850 3853 3857 3856 3855 3858 3864 3862 3861 3860 3863 3866 3865 3867 3888 3878 3873 3871 3870 3869 3872 3876 3875 3874 3877 3883 3881 3880 3879 3882 3886 3885 3884 3887 3898 3893 3891 3890 3889 3892 3896 3895
3894 3897 3903 3901 3900 3899 3902 3905 3904 3906 3985 3946 3927 3917 3912 3910 3909 3908 3911 3915 3914 3913 3916 3922 3920 3919 3918 3921 3925 3924 3923 3926 3937 3932 3930 3929 3928 3931 3935 3934 3933 3936 3942 3940 3939 3938 3941 3944 3943 3945 3966 3956 3951 3949 3948 3947 3950 3954 3953 3952 3955 3961 3959 3958 3957 3960 3964 3963 3962 3965 3976 3971 3969 3968 3967 3970 3974 3973 3972 3975 3981 3979 3978 3977 3980 3983 3982 3984 4024 4005 3995 3990 3988 3987 3986 3989 3993 3992 3991 3994
4000 3998 3997 3996 3999 4003 4002 4001 4004 4015 4010 4008 4007 4006 4009 4013 4012 4011 4014 4020 4018 4017 4016 4019 4022 4021 4023 4044 4034 4029 4027 4026 4025 4028 4032 4031 4030 4033 4039 4037 4036 4035 4038 4042 4041 4040 4043 4054 4049 4047 4046 4045 4048 4052 4051 4050 4053 4059 4057 4056 4055 4058 4061 4060 4062 4219 4141 4102 4083 4073 4068 4066 4065 4064 4067 4071 4070 4069 4072 4078 4076 4075 4074 4077 4081 4080 4079 4082 4093 4088 4086 4085 4084 4087 4091 4090 4089 4092 4098 4096
4095 4094 4097 4100 4099 4101 4122 4112 4107 4105 4104 4103 4106 4110 4109 4108 4111 4117 4115 4114 4113 4116 4120 4119 4118 4121 4132 4127 4125 4124 4123 4126 4130 4129 4128 4131 4137 4135 4134 4133 4136 4139 4138 4140 4180 4161 4151 4146 4144 4143 4142 4145 4149 4148 4147 4150 4156 4154 4153 4152 4155 4159 4158 4157 4160 4171 4166 4164 4163 4162 4165 4169 4168 4167 4170 4176 4174 4173 4172 4175 4178 4177 4179 4200 4190 4185 4183 4182 4181 4184 4188 4187 4186 4189 4195 4193 4192 4191 4194 4198
4197 4196 4199 4210 4205 4203 4202 4201 4204 4208 4207 4206 4209 4215 4213 4212 4211 4214 4217 4216 4218 4297 4258 4239 4229 4224 4222 4221 4220 4223 4227 4226 4225 4228 4234 4232 4231 4230 4233 4237 4236 4235 4238 4249 4244 4242 4241 4240 4243 4247 4246 4245 4248 4254 4252 4251 4250 4253 4256 4255 4257 4278 4268 4263 4261 4260 4259 4262 4266 4265 4264 4267 4273 4271 4270 4269 4272 4276 4275 4274 4277 4288 4283 4281 4280 4279 4282 4286 4285 4284 4287 4293 4291 4290 4289 4292 4295 4294 4296 4336
4317 4307 4302 4300 4299 4298 4301 4305 4304 4303 4306 4312 4310 4309 4308 4311 4315 4314 4313 4316 4327 4322 4320 4319 4318 4321 4325 4324 4323 4326 4332 4330 4329 4328 4331 4334 4333 4335 4356 4346 4341 4339 4338 4337 4340 4344 4343 4342 4345 4351 4349 4348 4347 4350 4354 4353 4352 4355 4366 4361 4359 4358 4357 4360 4364 4363 4362 4365 4371 4369 4368 4367 4370 4373 4372 4374 4688 4532 4454 4415 4395 4385 4380 4378 4377 4376 4379 4383 4382 4381 4384 4390 4388 4387 4386 4389 4393 4392 4391 4394
4405 4400 4398 4397 4396 4399 4403 4402 4401 4404 4410 4408 4407 4406 4409 4413 4412 4411 4414 4435 4425 4420 4418 4417 4416 4419 4423 4422 4421 4424 4430 4428 4427 4426 4429 4433 4432 4431 4434 4445 4440 4438 4437 4436 4439 4443 4442 4441 4444 4450 4448 4447 4446 4449 4452 4451 4453 4493 4474 4464 4459 4457 4456 4455 4458 4462 4461 4460 4463 4469 4467 4466 4465 4468 4472 4471 4470 4473 4484 4479 4477 4476 4475 4478 4482 4481 4480 4483 4489 4487 4486 4485 4488 4491 4490 4492 4513 4503 4498 4496
4495 4494 4497 4501 4500 4499 4502 4508 4506 4505 4504 4507 4511 4510 4509 4512 4523 4518 4516 4515 4514 4517 4521 4520 4519 4522 4528 4526 4525 4524 4527 4530 4529 4531 4610 4571 4552 4542 4537 4535 4534 4533 4536 4540 4539 4538 4541 4547 4545 4544 4543 4546 4550 4549 4548 4551 4562 4557 4555 4554 4553 4556 4560 4559 4558 4561 4567 4565 4564 4563 4566 4569 4568 4570 4591 4581 4576 4574 4573 4572 4575 4579 4578 4577 4580 4586 4584 4583 4582 4585 4589 4588 4587 4590 4601 4596 4594 4593 4592 4595
4599 4598 4597 4600 4606 4604 4603 4602 4605 4608 4607 4609 4649 4630 4620 4615 4613 4612 4611 4614 4618 4617 4616 4619 4625 4623 4622 4621 4624 4628 4627 4626 4629 4640 4635 4633 4632 4631 4634 4638 4637 4636 4639 4645 4643 4642 4641 4644 4647 4646 4648 4669 4659 4654 4652 4651 4650 4653 4657 4656 4655 4658 4664 4662 4661 4660 4663 4667 4666 4665 4668 4679 4674 4672 4671 4670 4673 4677 4676 4675 4678 4684 4682 4681 4680 4683 4686 4685 4687 4844 4766 4727 4708 4698 4693 4691 4690 4689 4692 4696
4695 4694 4697 4703 4701 4700 4699 4702 4706 4705 4704 4707 4718 4713 4711 4710 4709 4712 4716 4715 4714 4717 4723 4721 4720 4719 4722 4725 4724 4726 4747 4737 4732 4730 4729 4728 4731 4735 4734 4733 4736 4742 4740 4739 4738 4741 4745 4744 4743 4746 4757 4752 4750 4749 4748 4751 4755 4754 4753 4756 4762 4760 4759 4758 4761 4764 4763 4765 4805 4786 4776 4771 4769 4768 4767 4770 4774 4773 4772 4775 4781 4779 4778 4777 4780 4784 4783 4782 4785 4796 4791 4789 4788 4787 4790 4794 4793 4792 4795 4801
4799 4798 4797 4800 4803 4802 4804 4825 4815 4810 4808 4807 4806 4809 4813 4812 4811 4814 4820 4818 4817 4816 4819 4823 4822 4821 4824 4835 4830 4828 4827 4826 4829 4833 4832 4831 4834 4840 4838 4837 4836 4839 4842 4841 4843 4922 4883 4864 4854 4849 4847 4846 4845 4848 4852 4851 4850 4853 4859 4857 4856 4855 4858 4862 4861 4860 4863 4874 4869 4867 4866 4865 4868 4872 4871 4870 4873 4879 4877 4876 4875 4878 4881 4880 4882 4903 4893 4888 4886 4885 4884 4887 4891 4890 4889 4892 4898 4896 4895 4894
4897 4901 4900 4899 4902 4913 4908 4906 4905 4904 4907 4911 4910 4909 4912 4918 4916 4915 4914 4917 4920 4919 4921 4961 4942 4932 4927 4925 4924 4923 4926 4930 4929 4928 4931 4937 4935 4934 4933 4936 4940 4939 4938 4941 4952 4947 4945 4944 4943 4946 4950 4949 4948 4951 4957 4955 4954 4953 4956 4959 4958 4960 4981 4971 4966 4964 4963 4962 4965 4969 4968 4967 4970 4976 4974 4973 4972 4975 4979 4978 4977 4980 4991 4986 4984 4983 4982 4985 4989 4988 4987 4990 4996 4994 4993 4992 4995 4998 4997 4999
7500 6250 5625 5313 5157 5079 5040 5020 5010 5005 5003 5002 5001 5004 5008 5007 5006 5009 5015 5013 5012 5011 5014 5018 5017 5016 5019 5030 5025 5023 5022 5021 5024 5028 5027 5026 5029 5035 5033 5032 5031 5034 5038 5037 5036 5039 5060 5050 5045 5043 5042 5041 5044 5048 5047 5046 5049 5055 5053 5052 5051 5054 5058 5057 5056 5059 5070 5065 5063 5062 5061 5064 5068 5067 5066 5069 5075 5073 5072 5071 5074 5077 5076 5078 5118 5099 5089 5084 5082 5081 5080 5083 5087 5086 5085 5088 5094 5092 5091 5090
5093 5097 5096 5095 5098 5109 5104 5102 5101 5100 5103 5107 5106 5105 5108 5114 5112 5111 5110 5113 5116 5115 5117 5138 5128 5123 5121 5120 5119 5122 5126 5125 5124 5127 5133 5131 5130 5129 5132 5136 5135 5134 5137 5148 5143 5141 5140 5139 5142 5146 5145 5144 5147 5153 5151 5150 5149 5152 5155 5154 5156 5235 5196 5177 5167 5162 5160 5159 5158 5161 5165 5164 5163 5166 5172 5170 5169 5168 5171 5175 5174 5173 5176 5187 5182 5180 5179 5178 5181 5185 5184 5183 5186 5192 5190 5189 5188 5191 5194 5193
5195 5216 5206 5201 5199 5198 5197 5200 5204 5203 5202 5205 5211 5209 5208 5207 5210 5214 5213 5212 5215 5226 5221 5219 5218 5217 5220 5224 5223 5222 5225 5231 5229 5228 5227 5230 5233 5232 5234 5274 5255 5245 5240 5238 5237 5236 5239 5243 5242 5241 5244 5250 5248 5247 5246 5249 5253 5252 5251 5254 5265 5260 5258 5257 5256 5259 5263 5262 5261 5264 5270 5268 5267 5266 5269 5272 5271 5273 5294 5284 5279 5277 5276 5275 5278 5282 5281 5280 5283 5289 5287 5286 5285 5288 5292 5291 5290 5293 5304 5299
5297 5296 5295 5298 5302 5301 5300 5303 5309 5307 5306 5305 5308 5311 5310 5312 5469 5391 5352 5333 5323 5318 5316 5315 5314 5317 5321 5320 5319 5322 5328 5326 5325 5324 5327 5331 5330 5329 5332 5343 5338 5336 5335 5334 5337 5341 5340 5339 5342 5348 5346 5345 5344 5347 5350 5349 5351 5372 5362 5357 5355 5354 5353 5356 5360 5359 5358 5361 5367 5365 5364 5363 5366 5370 5369 5368 5371 5382 5377 5375 5374 5373 5376 5380 5379 5378 5381 5387 5385 5384 5383 5386 5389 5388 5390 5430 5411 5401 5396 5394
5393 5392 5395 5399 5398 5397 5400 5406 5404 5403 5402 5405 5409 5408 5407 5410 5421 5416 5414 5413 5412 5415 5419 5418 5417 5420 5426 5424 5423 5422 5425 5428 5427 5429 5450 5440 5435 5433 5432 5431 5434 5438 5437 5436 5439 5445 5443 5442 5441 5444 5448 5447 5446 5449 5460 5455 5453 5452 5451 5454 5458 5457 5456 5459 5465 5463 5462 5461 5464 5467 5466 5468 5547 5508 5489 5479 5474 5472 5471 5470 5473 5477 5476 5475 5478 5484 5482 5481 5480 5483 5487 5486 5485 5488 5499 5494 5492 5491 5490 5493
5497 5496 5495 5498 5504 5502 5501 5500 5503 5506 5505 5507 5528 5518 5513 5511 5510 5509 5512 5516 5515 5514 5517 5523 5521 5520 5519 5522 5526 5525 5524 5527 5538 5533 5531 5530 5529 5532 5536 5535 5534 5537 5543 5541 5540 5539 5542 5545 5544 5546 5586 5567 5557 5552 5550 5549 5548 5551 5555 5554 5553 5556 5562 5560 5559 5558 5561 5565 5564 5563 5566 5577 5572 5570 5569 5568 5571 5575 5574 5573 5576 5582 5580 5579 5578 5581 5584 5583 5585 5606 5596 5591 5589 5588 5587 5590 5594 5593 5592 5595
5601 5599 5598 5597 5600 5604 5603 5602 5605 5616 5611 5609 5608 5607 5610 5614 5613 5612 5615 5621 5619 5618 5617 5620 5623 5622 5624 5938 5782 5704 5665 5645 5635 5630 5628 5627 5626 5629 5633 5632 5631 5634 5640 5638 5637 5636 5639 5643 5642 5641 5644 5655 5650 5648 5647 5646 5649 5653 5652 5651 5654 5660 5658 5657 5656 5659 5663 5662 5661 5664 5685 5675 5670 5668 5667 5666 5669 5673 5672 5671 5674 5680 5678 5677 5676 5679 5683 5682 5681 5684 5695 5690 5688 5687 5686 5689 5693 5692 5691 5694
5700 5698 5697 5696 5699 5702 5701 5703 5743 5724 5714 5709 5707 5706 5705 5708 5712 5711 5710 5713 5719 5717 5716 5715 5718 5722 5721 5720 5723 5734 5729 5727 5726 5725 5728 5732 5731 5730 5733 5739 5737 5736 5735 5738 5741 5740 5742 5763 5753 5748 5746 5745 5744 5747 5751 5750 5749 5752 5758 5756 5755 5754 5757 5761 5760 5759 5762 5773 5768 5766 5765 5764 5767 5771 5770 5769 5772 5778 5776 5775 5774 5777 5780 5779 5781 5860 5821 5802 5792 5787 5785 5784 5783 5786 5790 5789 5788 5791 5797 5795
5794 5793 5796 5800 5799 5798 5801 5812 5807 5805 5804 5803 5806 5810 5809 5808 5811 5817 5815 5814 5813 5816 5819 5818 5820 5841 5831 5826 5824 5823 5822 5825 5829 5828 5827 5830 5836 5834 5833 5832 5835 5839 5838 5837 5840 5851 5846 5844 5843 5842 5845 5849 5848 5847 5850 5856 5854 5853 5852 5855 5858 5857 5859 5899 5880 5870 5865 5863 5862 5861 5864 5868 5867 5866 5869 5875 5873 5872 5871 5874 5878 5877 5876 5879 5890 5885 5883 5882 5881 5884 5888 5887 5886 5889 5895 5893 5892 5891 5894 5897
5896 5898 5919 5909 5904 5902 5901 5900 5903 5907 5906 5905 5908 5914 5912 5911 5910 5913 5917 5916 5915 5918 5929 5924 5922 5921 5920 5923 5927 5926 5925 5928 5934 5932 5931 5930 5933 5936 5935 5937 6094 6016 5977 5958 5948 5943 5941 5940 5939 5942 5946 5945 5944 5947 5953 5951 5950 5949 5952 5956 5955 5954 5957 5968 5963 5961 5960 5959 5962 5966 5965 5964 5967 5973 5971 5970 5969 5972 5975 5974 5976 5997 5987 5982 5980 5979 5978 5981 5985 5984 5983 5986 5992 5990 5989 5988 5991 5995 5994 5993
5996 6007 6002 6000 5999 5998 6001 6005 6004 6003 6006 6012 6010 6009 6008 6011 6014 6013 6015 6055 6036 6026 6021 6019 6018 6017 6020 6024 6023 6022 6025 6031 6029 6028 6027 6030 6034 6033 6032 6035 6046 6041 6039 6038 6037 6040 6044 6043 6042 6045 6051 6049 6048 6047 6050 6053 6052 6054 6075 6065 6060 6058 6057 6056 6059 6063 6062 6061 6064 6070 6068 6067 6066 6069 6073 6072 6071 6074 6085 6080 6078 6077 6076 6079 6083 6082 6081 6084 6090 6088 6087 6086 6089 6092 6091 6093 6172 6133 6114 6104
6099 6097 6096 6095 6098 6102 6101 6100 6103 6109 6107 6106 6105 6108 6112 6111 6110 6113 6124 6119 6117 6116 6115 6118 6122 6121 6120 6123 6129 6127 6126 6125 6128 6131 6130 6132 6153 6143 6138 6136 6135 6134 6137 6141 6140 6139 6142 6148 6146 6145 6144 6147 6151 6150 6149 6152 6163 6158 6156 6155 6154 6157 6161 6160 6159 6162 6168 6166 6165 6164 6167 6170 6169 6171 6211 6192 6182 6177 6175 6174 6173 6176 6180 6179 6178 6181 6187 6185 6184 6183 6186 6190 6189 6188 6191 6202 6197 6195 6194 6193
6196 6200 6199 6198 6201 6207 6205 6204 6203 6206 6209 6208 6210 6231 6221 6216 6214 6213 6212 6215 6219 6218 6217 6220 6226 6224 6223 6222 6225 6229 6228 6227 6230 6241 6236 6234 6233 6232 6235 6239 6238 6237 6240 6246 6244 6243 6242 6245 6248 6247 6249 6875 6563 6407 6329 6290 6270 6260 6255 6253 6252 6251 6254 6258 6257 6256 6259 6265 6263 6262 6261 6264 6268 6267 6266 6269 6280 6275 6273 6272 6271 6274 6278 6277 6276 6279 6285 6283 6282 6281 6284 6288 6287 6286 6289 6310 6300 6295 6293 6292
6291 6294 6298 6297 6296 6299 6305 6303 6302 6301 6304 6308 6307 6306 6309 6320 6315 6313 6312 6311 6314 6318 6317 6316 6319 6325 6323 6322 6321 6324 6327 6326 6328 6368 6349 6339 6334 6332 6331 6330 6333 6337 6336 6335 6338 6344 6342 6341 6340 6343 6347 6346 6345 6348 6359 6354 6352 6351 6350 6353 6357 6356 6355 6358 6364 6362 6361 6360 6363 6366 6365 6367 6388 6378 6373 6371 6370 6369 6372 6376 6375 6374 6377 6383 6381 6380 6379 6382 6386 6385 6384 6387 6398 6393 6391 6390 6389 6392 6396 6395
6394 6397 6403 6401 6400 6399 6402 6405 6404 6406 6485 6446 6427 6417 6412 6410 6409 6408 6411 6415 6414 6413 6416 6422 6420 6419 6418 6421 6425 6424 6423 6426 6437 6432 6430 6429 6428 6431 6435 6434 6433 6436 6442 6440 6439 6438 6441 6444 6443 6445 6466 6456 6451 6449 6448 6447 6450 6454 6453 6452 6455 6461 6459 6458 6457 6460 6464 6463 6462 6465 6476 6471 6469 6468 6467 6470 6474 6473 6472 6475 6481 6479 6478 6477 6480 6483 6482 6484 6524 6505 6495 6490 6488 6487 6486 6489 6493 6492 6491 6494
6500 6498 6497 6496 6499 6503 6502 6501 6504 6515 6510 6508 6507 6506 6509 6513 6512 6511 6514 6520 6518 6517 6516 6519 6522 6521 6523 6544 6534 6529 6527 6526 6525 6528 6532 6531 6530 6533 6539 6537 6536 6535 6538 6542 6541 6540 6543 6554 6549 6547 6546 6545 6548 6552 6551 6550 6553 6559 6557 6556 6555 6558 6561 6560 6562 6719 6641 6602 6583 6573 6568 6566 6565 6564 6567 6571 6570 6569 6572 6578 6576 6575 6574 6577 6581 6580 6579 6582 6593 6588 6586 6585 6584 6587 6591 6590 6589 6592 6598 6596
6595 6594 6597 6600 6599 6601 6622 6612 6607 6605 6604 6603 6606 6610 6609 6608 6611 6617 6615 6614 6613 6616 6620 6619 6618 6621 6632 6627 6625 6624 6623 6626 6630 6629 6628 6631 6637 6635 6634 6633 6636 6639 6638 6640 6680 6661 6651 6646 6644 6643 6642 6645 6649 6648 6647 6650 6656 6654 6653 6652 6655 6659 6658 6657 6660 6671 6666 6664 6663 6662 6665 6669 6668 6667 6670 6676 6674 6673 6672 6675 6678 6677 6679 6700 6690 6685 6683 6682 6681 6684 6688 6687 6686 6689 6695 6693 6692 6691 6694 6698
6697 6696 6699 6710 6705 6703 6702 6701 6704 6708 6707 6706 6709 6715 6713 6712 6711 6714 6717 6716 6718 6797 6758 6739 6729 6724 6722 6721 6720 6723 6727 6726 6725 6728 6734 6732 6731 6730 6733 6737 6736 6735 6738 6749 6744 6742 6741 6740 6743 6747 6746 6745 6748 6754 6752 6751 6750 6753 6756 6755 6757 6778 6768 6763 6761 6760 6759 6762 6766 6765 6764 6767 6773 6771 6770 6769 6772 6776 6775 6774 6777 6788 6783 6781 6780 6779 6782 6786 6785 6784 6787 6793 6791 6790 6789 6792 6795 6794 6796 6836
6817 6807 6802 6800 6799 6798 6801 6805 6804 6803 6806 6812 6810 6809 6808 6811 6815 6814 6813 6816 6827 6822 6820 6819 6818 6821 6825 6824 6823 6826 6832 6830 6829 6828 6831 6834 6833 6835 6856 6846 6841 6839 6838 6837 6840 6844 6843 6842 6845 6851 6849 6848 6847 6850 6854 6853 6852 6855 6866 6861 6859 6858 6857 6860 6864 6863 6862 6865 6871 6869 6868 6867 6870 6873 6872 6874 7188 7032 6954 6915 6895 6885 6880 6878 6877 6876 6879 6883 6882 6881 6884 6890 6888 6887 6886 6889 6893 6892 6891 6894
6905 6900 6898 6897 6896 6899 6903 6902 6901 6904 6910 6908 6907 6906 6909 6913 6912 6911 6914 6935 6925 6920 6918 6917 6916 6919 6923 6922 6921 6924 6930 6928 6927 6926 6929 6933 6932 6931 6934 6945 6940 6938 6937 6936 6939 6943 6942 6941 6944 6950 6948 6947 6946 6949 6952 6951 6953 6993 6974 6964 6959 6957 6956 6955 6958 6962 6961 6960 6963 6969 6967 6966 6965 6968 6972 6971 6970 6973 6984 6979 6977 6976 6975 6978 6982 6981 6980 6983 6989 6987 6986 6985 6988 6991 6990 6992 7013 7003 6998 6996
6995 6994 6997 7001 7000 6999 7002 7008 7006 7005 7004 7007 7011 7010 7009 7012 7023 7018 7016 7015 7014 7017 7021 7020 7019 7022 7028 7026 7025 7024 7027 7030 7029 7031 7110 7071 7052 7042 7037 7035 7034 7033 7036 7040 7039 7038 7041 7047 7045 7044 7043 7046 7050 7049 7048 7051 7062 7057 7055 7054 7053 7056 7060 7059 7058 7061 7067 7065 7064 7063 7066 7069 7068 7070 7091 7081 7076 7074 7073 7072 7075 7079 7078 7077 7080 7086 7084 7083 7082 7085 7089 7088 7087 7090 7101 7096 7094 7093 7092 7095
7099 7098 7097 7100 7106 7104 7103 7102 7105 7108 7107 7109 7149 7130 7120 7115 7113 7112 7111 7114 7118 7117 7116 7119 7125 7123 7122 7121 7124 7128 7127 7126 7129 7140 7135 7133 7132 7131 7134 7138 7137 7136 7139 7145 7143 7142 7141 7144 7147 7146 7148 7169 7159 7154 7152 7151 7150 7153 7157 7156 7155 7158 7164 7162 7161 7160 7163 7167 7166 7165 7168 7179 7174 7172 7171 7170 7173 7177 7176 7175 7178 7184 7182 7181 7180 7183 7186 7185 7187 7344 7266 7227 7208 7198 7193 7191 7190 7189 7192 7196
7195 7194 7197 7203 7201 7200 7199 7202 7206 7205 7204 7207 7218 7213 7211 7210 7209 7212 7216 7215 7214 7217 7223 7221 7220 7219 7222 7225 7224 7226 7247 7237 7232 7230 7229 7228 7231 7235 7234 7233 7236 7242 7240 7239 7238 7241 7245 7244 7243 7246 7257 7252 7250 7249 7248 7251 7255 7254 7253 7256 7262 7260 7259 7258 7261 7264 7263 7265 7305 7286 7276 7271 7269 7268 7267 7270 7274 7273 7272 7275 7281 7279 7278 7277 7280 7284 7283 7282 7285 7296 7291 7289 7288 7287 7290 7294 7293 7292 7295 7301
7299 7298 7297 7300 7303 7302 7304 7325 7315 7310 7308 7307 7306 7309 7313 7312 7311 7314 7320 7318 7317 7316 7319 7323 7322 7321 7324 7335 7330 7328 7327 7326 7329 7333 7332 7331 7334 7340 7338 7337 7336 7339 7342 7341 7343 7422 7383 7364 7354 7349 7347 7346 7345 7348 7352 7351 7350 7353 7359 7357 7356 7355 7358 7362 7361 7360 7363 7374 7369 7367 7366 7365 7368 7372 7371 7370 7373 7379 7377 7376 7375 7378 7381 7380 7382 7403 7393 7388 7386 7385 7384 7387 7391 7390 7389 7392 7398 7396 7395 7394
7397 7401 7400 7399 7402 7413 7408 7406 7405 7404 7407 7411 7410 7409 7412 7418 7416 7415 7414 7417 7420 7419 7421 7461 7442 7432 7427 7425 7424 7423 7426 7430 7429 7428 7431 7437 7435 7434 7433 7436 7440 7439 7438 7441 7452 7447 7445 7444 7443 7446 7450 7449 7448 7451 7457 7455 7454 7453 7456 7459 7458 7460 7481 7471 7466 7464 7463 7462 7465 7469 7468 7467 7470 7476 7474 7473 7472 7475 7479 7478 7477 7480 7491 7486 7484 7483 7482 7485 7489 7488 7487 7490 7496 7494 7493 7492 7495 7498 7497 7499
8750 8125 7813 7657 7579 7540 7520 7510 7505 7503 7502 7501 7504 7508 7507 7506 7509 7515 7513 7512 7511 7514 7518 7517 7516 7519 7530 7525 7523 7522 7521 7524 7528 7527 7526 7529 7535 7533 7532 7531 7534 7538 7537 7536 7539 7560 7550 7545 7543 7542 7541 7544 7548 7547 7546 7549 7555 7553 7552 7551 7554 7558 7557 7556 7559 7570 7565 7563 7562 7561 7564 7568 7567 7566 7569 7575 7573 7572 7571 7574 7577 7576 7578 7618 7599 7589 7584 7582 7581 7580 7583 7587 7586 7585 7588 7594 7592 7591 7590 7593
7597 7596 7595 7598 7609 7604 7602 7601 7600 7603 7607 7606 7605 7608 7614 7612 7611 7610 7613 7616 7615 7617 7638 7628 7623 7621 7620 7619 7622 7626 7625 7624 7627 7633 7631 7630 7629 7632 7636 7635 7634 7637 7648 7643 7641 7640 7639 7642 7646 7645 7644 7647 7653 7651 7650 7649 7652 7655 7654 7656 7735 7696 7677 7667 7662 7660 7659 7658 7661 7665 7664 7663 7666 7672 7670 7669 7668 7671 7675 7674 7673 7676 7687 7682 7680 7679 7678 7681 7685 7684 7683 7686 7692 7690 7689 7688 7691 7694 7693 7695
7716 7706 7701 7699 7698 7697 7700 7704 7703 7702 7705 7711 7709 7708 7707 7710 7714 7713 7712 7715 7726 7721 7719 7718 7717 7720 7724 7723 7722 7725 7731 7729 7728 7727 7730 7733 7732 7734 7774 7755 7745 7740 7738 7737 7736 7739 7743 7742 7741 7744 7750 7748 7747 7746 7749 7753 7752 7751 7754 7765 7760 7758 7757 7756 7759 7763 7762 7761 7764 7770 7768 7767 7766 7769 7772 7771 7773 7794 7784 7779 7777 7776 7775 7778 7782 7781 7780 7783 7789 7787 7786 7785 7788 7792 7791 7790 7793 7804 7799 7797
7796 7795 7798 7802 7801 7800 7803 7809 7807 7806 7805 7808 7811 7810 7812 7969 7891 7852 7833 7823 7818 7816 7815 7814 7817 7821 7820 7819 7822 7828 7826 7825 7824 7827 7831 7830 7829 7832 7843 7838 7836 7835 7834 7837 7841 7840 7839 7842 7848 7846 7845 7844 7847 7850 7849 7851 7872 7862 7857 7855 7854 7853 7856 7860 7859 7858 7861 7867 7865 7864 7863 7866 7870 7869 7868 7871 7882 7877 7875 7874 7873 7876 7880 7879 7878 7881 7887 7885 7884 7883 7886 7889 7888 7890 7930 7911 7901 7896 7894 7893
7892 7895 7899 7898 7897 7900 7906 7904 7903 7902 7905 7909 7908 7907 7910 7921 7916 7914 7913 7912 7915 7919 7918 7917 7920 7926 7924 7923 7922 7925 7928 7927 7929 7950 7940 7935 7933 7932 7931 7934 7938 7937 7936 7939 7945 7943 7942 7941 7944 7948 7947 7946 7949 7960 7955 7953 7952 7951 7954 7958 7957 7956 7959 7965 7963 7962 7961 7964 7967 7966 7968 8047 8008 7989 7979 7974 7972 7971 7970 7973 7977 7976 7975 7978 7984 7982 7981 7980 7983 7987 7986 7985 7988 7999 7994 7992 7991 7990 7993 7997
7996 7995 7998 8004 8002 8001 8000 8003 8006 8005 8007 8028 8018 8013 8011 8010 8009 8012 8016 8015 8014 8017 8023 8021 8020 8019 8022 8026 8025 8024 8027 8038 8033 8031 8030 8029 8032 8036 8035 8034 8037 8043 8041 8040 8039 8042 8045 8044 8046 8086 8067 8057 8052 8050 8049 8048 8051 8055 8054 8053 8056 8062 8060 8059 8058 8061 8065 8064 8063 8066 8077 8072 8070 8069 8068 8071 8075 8074 8073 8076 8082 8080 8079 8078 8081 8084 8083 8085 8106 8096 8091 8089 8088 8087 8090 8094 8093 8092 8095 8101
8099 8098 8097 8100 8104 8103 8102 8105 8116 8111 8109 8108 8107 8110 8114 8113 8112 8115 8121 8119 8118 8117 8120 8123 8122 8124 8438 8282 8204 8165 8145 8135 8130 8128 8127 8126 8129 8133 8132 8131 8134 8140 8138 8137 8136 8139 8143 8142 8141 8144 8155 8150 8148 8147 8146 8149 8153 8152 8151 8154 8160 8158 8157 8156 8159 8163 8162 8161 8164 8185 8175 8170 8168 8167 8166 8169 8173 8172 8171 8174 8180 8178 8177 8176 8179 8183 8182 8181 8184 8195 8190 8188 8187 8186 8189 8193 8192 8191 8194 8200
8198 8197 8196 8199 8202 8201 8203 8243 8224 8214 8209 8207 8206 8205 8208 8212 8211 8210 8213 8219 8217 8216 8215 8218 8222 8221 8220 8223 8234 8229 8227 8226 8225 8228 8232 8231 8230 8233 8239 8237 8236 8235 8238 8241 8240 8242 8263 8253 8248 8246 8245 8244 8247 8251 8250 8249 8252 8258 8256 8255 8254 8257 8261 8260 8259 8262 8273 8268 8266 8265 8264 8267 8271 8270 8269 8272 8278 8276 8275 8274 8277 8280 8279 8281 8360 8321 8302 8292 8287 8285 8284 8283 8286 8290 8289 8288 8291 8297 8295 8294
8293 8296 8300 8299 8298 8301 8312 8307 8305 8304 8303 8306 8310 8309 8308 8311 8317 8315 8314 8313 8316 8319 8318 8320 8341 8331 8326 8324 8323 8322 8325 8329 8328 8327 8330 8336 8334 8333 8332 8335 8339 8338 8337 8340 8351 8346 8344 8343 8342 8345 8349 8348 8347 8350 8356 8354 8353 8352 8355 8358 8357 8359 8399 8380 8370 8365 8363 8362 8361 8364 8368 8367 8366 8369 8375 8373 8372 8371 8374 8378 8377 8376 8379 8390 8385 8383 8382 8381 8384 8388 8387 8386 8389 8395 8393 8392 8391 8394 8397 8396
8398 8419 8409 8404 8402 8401 8400 8403 8407 8406 8405 8408 8414 8412 8411 8410 8413 8417 8416 8415 8418 8429 8424 8422 8421 8420 8423 8427 8426 8425 8428 8434 8432 8431 8430 8433 8436 8435 8437 8594 8516 8477 8458 8448 8443 8441 8440 8439 8442 8446 8445 8444 8447 8453 8451 8450 8449 8452 8456 8455 8454 8457 8468 8463 8461 8460 8459 8462 8466 8465 8464 8467 8473 8471 8470 8469 8472 8475 8474 8476 8497 8487 8482 8480 8479 8478 8481 8485 8484 8483 8486 8492 8490 8489 8488 8491 8495 8494 8493 8496
8507 8502 8500 8499 8498 8501 8505 8504 8503 8506 8512 8510 8509 8508 8511 8514 8513 8515 8555 8536 8526 8521 8519 8518 8517 8520 8524 8523 8522 8525 8531 8529 8528 8527 8530 8534 8533 8532 8535 8546 8541 8539 8538 8537 8540 8544 8543 8542 8545 8551 8549 8548 8547 8550 8553 8552 8554 8575 8565 8560 8558 8557 8556 8559 8563 8562 8561 8564 8570 8568 8567 8566 8569 8573 8572 8571 8574 8585 8580 8578 8577 8576 8579 8583 8582 8581 8584 8590 8588 8587 8586 8589 8592 8591 8593 8672 8633 8614 8604 8599
8597 8596 8595 8598 8602 8601 8600 8603 8609 8607 8606 8605 8608 8612 8611 8610 8613 8624 8619 8617 8616 8615 8618 8622 8621 8620 8623 8629 8627 8626 8625 8628 8631 8630 8632 8653 8643 8638 8636 8635 8634 8637 8641 8640 8639 8642 8648 8646 8645 8644 8647 8651 8650 8649 8652 8663 8658 8656 8655 8654 8657 8661 8660 8659 8662 8668 8666 8665 8664 8667 8670 8669 8671 8711 8692 8682 8677 8675 8674 8673 8676 8680 8679 8678 8681 8687 8685 8684 8683 8686 8690 8689 8688 8691 8702 8697 8695 8694 8693 8696
8700 8699 8698 8701 8707 8705 8704 8703 8706 8709 8708 8710 8731 8721 8716 8714 8713 8712 8715 8719 8718 8717 8720 8726 8724 8723 8722 8725 8729 8728 8727 8730 8741 8736 8734 8733 8732 8735 8739 8738 8737 8740 8746 8744 8743 8742 8745 8748 8747 8749 9375 9063 8907 8829 8790 8770 8760 8755 8753 8752 8751 8754 8758 8757 8756 8759 8765 8763 8762 8761 8764 8768 8767 8766 8769 8780 8775 8773 8772 8771 8774 8778 8777 8776 8779 8785 8783 8782 8781 8784 8788 8787 8786 8789 8810 8800 8795 8793 8792 8791
8794 8798 8797 8796 8799 8805 8803 8802 8801 8804 8808 8807 8806 8809 8820 8815 8813 8812 8811 8814 8818 8817 8816 8819 8825 8823 8822 8821 8824 8827 8826 8828 8868 8849 8839 8834 8832 8831 8830 8833 8837 8836 8835 8838 8844 8842 8841 8840 8843 8847 8846 8845 8848 8859 8854 8852 8851 8850 8853 8857 8856 8855 8858 8864 8862 8861 8860 8863 8866 8865 8867 8888 8878 8873 8871 8870 8869 8872 8876 8875 8874 8877 8883 8881 8880 8879 8882 8886 8885 8884 8887 8898 8893 8891 8890 8889 8892 8896 8895 8894
8897 8903 8901 8900 8899 8902 8905 8904 8906 8985 8946 8927 8917 8912 8910 8909 8908 8911 8915 8914 8913 8916 8922 8920 8919 8918 8921 8925 8924 8923 8926 8937 8932 8930 8929 8928 8931 8935 8934 8933 8936 8942 8940 8939 8938 8941 8944 8943 8945 8966 8956 8951 8949 8948 8947 8950 8954 8953 8952 8955 8961 8959 8958 8957 8960 8964 8963 8962 8965 8976 8971 8969 8968 8967 8970 8974 8973 8972 8975 8981 8979 8978 8977 8980 8983 8982 8984 9024 9005 8995 8990 8988 8987 8986 8989 8993 8992 8991 8994 9000
8998 8997 8996 8999 9003 9002 9001 9004 9015 9010 9008 9007 9006 9009 9013 9012 9011 9014 9020 9018 9017 9016 9019 9022 9021 9023 9044 9034 9029 9027 9026 9025 9028 9032 9031 9030 9033 9039 9037 9036 9035 9038 9042 9041 9040 9043 9054 9049 9047 9046 9045 9048 9052 9051 9050 9053 9059 9057 9056 9055 9058 9061 9060 9062 9219 9141 9102 9083 9073 9068 9066 9065 9064 9067 9071 9070 9069 9072 9078 9076 9075 9074 9077 9081 9080 9079 9082 9093 9088 9086 9085 9084 9087 9091 9090 9089 9092 9098 9096 9095
9094 9097 9100 9099 9101 9122 9112 9107 9105 9104 9103 9106 9110 9109 9108 9111 9117 9115 9114 9113 9116 9120 9119 9118 9121 9132 9127 9125 9124 9123 9126 9130 9129 9128 9131 9137 9135 9134 9133 9136 9139 9138 9140 9180 9161 9151 9146 9144 9143 9142 9145 9149 9148 9147 9150 9156 9154 9153 9152 9155 9159 9158 9157 9160 9171 9166 9164 9163 9162 9165 9169 9168 9167 9170 9176 9174 9173 9172 9175 9178 9177 9179 9200 9190 9185 9183 9182 9181 9184 9188 9187 9186 9189 9195 9193 9192 9191 9194 9198 9197
9196 9199 9210 9205 9203 9202 9201 9204 9208 9207 9206 9209 9215 9213 9212 9211 9214 9217 9216 9218 9297 9258 9239 9229 9224 9222 9221 9220 9223 9227 9226 9225 9228 9234 9232 9231 9230 9233 9237 9236 9235 9238 9249 9244 9242 9241 9240 9243 9247 9246 9245 9248 9254 9252 9251 9250 9253 9256 9255 9257 9278 9268 9263 9261 9260 9259 9262 9266 9265 9264 9267 9273 9271 9270 9269 9272 9276 9275 9274 9277 9288 9283 9281 9280 9279 9282 9286 9285 9284 9287 9293 9291 9290 9289 9292 9295 9294 9296 9336 9317
9307 9302 9300 9299 9298 9301 9305 9304 9303 9306 9312 9310 9309 9308 9311 9315 9314 9313 9316 9327 9322 9320 9319 9318 9321 9325 9324 9323 9326 9332 9330 9329 9328 9331 9334 9333 9335 9356 9346 9341 9339 9338 9337 9340 9344 9343 9342 9345 9351 9349 9348 9347 9350 9354 9353 9352 9355 9366 9361 9359 9358 9357 9360 9364 9363 9362 9365 9371 9369 9368 9367 9370 9373 9372 9374 9688 9532 9454 9415 9395 9385 9380 9378 9377 9376 9379 9383 9382 9381 9384 9390 9388 9387 9386 9389 9393 9392 9391 9394 9405
9400 9398 9397 9396 9399 9403 9402 9401 9404 9410 9408 9407 9406 9409 9413 9412 9411 9414 9435 9425 9420 9418 9417 9416 9419 9423 9422 9421 9424 9430 9428 9427 9426 9429 9433 9432 9431 9434 9445 9440 9438 9437 9436 9439 9443 9442 9441 9444 9450 9448 9447 9446 9449 9452 9451 9453 9493 9474 9464 9459 9457 9456 9455 9458 9462 9461 9460 9463 9469 9467 9466 9465 9468 9472 9471 9470 9473 9484 9479 9477 9476 9475 9478 9482 9481 9480 9483 9489 9487 9486 9485 9488 9491 9490 9492 9513 9503 9498 9496 9495
9494 9497 9501 9500 9499 9502 9508 9506 9505 9504 9507 9511 9510 9509 9512 9523 9518 9516 9515 9514 9517 9521 9520 9519 9522 9528 9526 9525 9524 9527 9530 9529 9531 9610 9571 9552 9542 9537 9535 9534 9533 9536 9540 9539 9538 9541 9547 9545 9544 9543 9546 9550 9549 9548 9551 9562 9557 9555 9554 9553 9556 9560 9559 9558 9561 9567 9565 9564 9563 9566 9569 9568 9570 9591 9581 9576 9574 9573 9572 9575 9579 9578 9577 9580 9586 9584 9583 9582 9585 9589 9588 9587 9590 9601 9596 9594 9593 9592 9595 9599
9598 9597 9600 9606 9604 9603 9602 9605 9608 9607 9609 9649 9630 9620 9615 9613 9612 9611 9614 9618 9617 9616 9619 9625 9623 9622 9621 9624 9628 9627 9626 9629 9640 9635 9633 9632 9631 9634 9638 9637 9636 9639 9645 9643 9642 9641 9644 9647 9646 9648 9669 9659 9654 9652 9651 9650 9653 9657 9656 9655 9658 9664 9662 9661 9660 9663 9667 9666 9665 9668 9679 9674 9672 9671 9670 9673 9677 9676 9675 9678 9684 9682 9681 9680 9683 9686 9685 9687 9844 9766 9727 9708 9698 9693 9691 9690 9689 9692 9696 9695
9694 9697 9703 9701 9700 9699 9702 9706 9705 9704 9707 9718 9713 9711 9710 9709 9712 9716 9715 9714 9717 9723 9721 9720 9719 9722 9725 9724 9726 9747 9737 9732 9730 9729 9728 9731 9735 9734 9733 9736 9742 9740 9739 9738 9741 9745 9744 9743 9746 9757 9752 9750 9749 9748 9751 9755 9754 9753 9756 9762 9760 9759 9758 9761 9764 9763 9765 9805 9786 9776 9771 9769 9768 9767 9770 9774 9773 9772 9775 9781 9779 9778 9777 9780 9784 9783 9782 9785 9796 9791 9789 9788 9787 9790 9794 9793 9792 9795 9801 9799
9798 9797 9800 9803 9802 9804 9825 9815 9810 9808 9807 9806 9809 9813 9812 9811 9814 9820 9818 9817 9816 9819 9823 9822 9821 9824 9835 9830 9828 9827 9826 9829 9833 9832 9831 9834 9840 9838 9837 9836 9839 9842 9841 9843 9922 9883 9864 9854 9849 9847 9846 9845 9848 9852 9851 9850 9853 9859 9857 9856 9855 9858 9862 9861 9860 9863 9874 9869 9867 9866 9865 9868 9872 9871 9870 9873 9879 9877 9876 9875 9878 9881 9880 9882 9903 9893 9888 9886 9885 9884 9887 9891 9890 9889 9892 9898 9896 9895 9894 9897
9901 9900 9899 9902 9913 9908 9906 9905 9904 9907 9911 9910 9909 9912 9918 9916 9915 9914 9917 9920 9919 9921 9961 9942 9932 9927 9925 9924 9923 9926 9930 9929 9928 9931 9937 9935 9934 9933 9936 9940 9939 9938 9941 9952 9947 9945 9944 9943 9946 9950 9949 9948 9951 9957 9955 9954 9953 9956 9959 9958 9960 9981 9971 9966 9964 9963 9962 9965 9969 9968 9967 9970 9976 9974 9973 9972 9975 9979 9978 9977 9980 9991 9986 9984 9983 9982 9985 9989 9988 9987 9990 9996 9994 9993 9992 9995 9998 9997 9999 
P
D 2898
D 1337
D 195
D 4503
D 9771
D 3694
D 4827
D 5731
D 9806
D 277
D 7582
D 2729
D 844
D 6467
D 9263
D 6598
D 1840
D 3242
D 4738
D 2200
D 2229
D 196
D 4052
D 1196
D 4400
D 7442
D 9893
D 8531
D 6050
D 7187
D 9367
D 5892
D 4693
D 8296
D 2318
D 8671
D 2684
D 858
D 2617
D 9197
D 2868
D 4073
D 3780
D 4697
D 2576
D 3355
D 5261
D 2290
D 7875
D 2315
D 9930
D 9153
D 6502
D 6356
D 2681
D 1415
D 2312
D 5211
D 5129
D 7726
D 7252
D 194
D 1923
D 2551
D 6028
D 9316
D 7738
D 7789
D 8811
D 6005
D 6378
D 7780
D 5537
D 3278
D 3228
D 2959
D 7576
D 8876
D 7081
D 4742
D 3927
D 7182
D 1325
D 9532
D 3768
D 2128
D 4192
D 4882
D 9883
D 6446
D 9627
D 7047
D 9337
D 8035
D 1554
D 8210
D 8577
D 8929
D 7933
D 5524
D 9624
D 1361
D 7634
D 9136
D 2963
D 9778
D 79
D 3960
D 3864
D 7679
D 708
D 2751
D 6806
D 8418
D 6926
D 7913
D 2825
D 2369
D 500
D 8311
D 1466
D 4489
D 5886
D 3582
D 5521
D 8723
D 4809
D 5032
D 5602
D 7420
D 9002
D 8787
D 9939
D 1117
D 51
D 1996
D 7895
D 2910
D 7124
D 5316
D 1587
D 5082
D 5877
D 7775
D 2596
D 7755
D 4247
D 3590
D 2462
D 5271
D 7101
D 4298
D 9997
D 991
D 4228
D 2806
D 7587
D 148
D 5299
D 7863
D 4483
D 6553
D 1794
D 5823
D 9903
D 2328
D 8673
D 9052
D 4712
D 8303
D 5300
D 3487
D 4958
D 5012
D 4998
D 3504
D 1456
D 8925
D 8152
D 7079
D 1523
D 6199
D 9303
D 8164
D 2461
D 3895
D 4949
D 1217
D 1025
D 9046
D 8165
D 9405
D 9350
D 1289
D 5673
D 3031
D 479
D 4938
D 4433
D 8684
D 5257
D 1000
D 5736
D 7334
D 1398
D 8006
D 4766
D 7010
D 7142
D 415
D 5122
D 1173
D 9119
D 3783
D 2965
D 9093
D 3618
D 9039
D 5814
D 14
D 1650
D 8696
D 472
D 4567
D 5186
D 974
D 1943
D 2010
D 2535
D 2827
D 347
D 9733
D 5053
D 243
D 8392
D 9891
D 3141
D 3397
D 6950
D 7273
D 4654
D 1525
D 8862
D 5078
D 8611
D 5646
D 5026
D 936
D 1586
D 7873
D 9835
D 5340
D 1730
D 3405
D 587
D 3291
D 9184
D 5015
D 697
D 5204
D 3426
D 4402
D 5135
D 601
D 4055
D 4341
D 1426
D 9874
D 8341
D 6609
D 2457
D 4421
D 5358
D 6977
D 9925
D 5351
D 270
D 5586
D 6577
D 3609
D 8519
D 4190
D 2665
D 6982
D 8730
D 6251
D 2983
D 6570
D 6712
D 3244
D 2893
D 4520
D 4415
D 8276
D 482
D 6183
D 2740
D 9309
D 4122
D 4005
D 2698
D 2397
D 8024
D 7277
D 8032
D 8544
D 9537
D 9868
D 5578
D 6081
D 6800
D 7208
D 2754
D 3109
D 849
D 7407
D 9838
D 2084
D 8620
D 9534
D 1789
D 9382
D 8885
D 5869
D 493
D 5242
D 191
D 1374
D 5658
D 961
D 9493
D 6648
D 9219
D 3994
D 1962
D 154
D 2389
D 5843
D 7199
D 6631
D 2491
D 9623
D 1412
D 5321
D 7170
D 6801
D 9202
D 3211
D 2276
D 3007
D 2732
D 2631
D 6039
D 3163
D 300
D 5768
D 4639
D 2375
D 2038
D 1628
D 4154
D 1664
D 5197
D 4922
D 3150
D 4152
D 8212
D 7398
D 4695
D 1877
D 5847
D 2503
D 3088
D 1935
D 5873
D 4983
D 4362
D 1666
D 6581
D 8293
D 3383
D 8366
D 8767
D 3955
D 9183
D 2674
D 8410
D 9861
D 3045
D 2273
D 709
D 9865
D 7336
D 9674
D 5436
D 623
D 4369
D 2365
D 7649
D 4315
P
I 9119
I 3141
I 9093
I 858
I 7142
I 5122
I 3582
I 3405
I 9183
I 3895
I 7789
I 9903
I 5578
I 3244
I 1628
I 277
I 5673
I 5351
I 7873
I 3211
I 5436
I 4958
I 191
I 194
I 3278
I 7010
I 2684
I 8212
I 1398
I 7679
I 4362
I 1794
I 3960
I 5242
I 709
I 1117
I 5537
I 1337
I 4503
I 3397
I 2596
I 2983
I 5731
I 5316
I 2290
I 2457
I 8544
I 2397
I 9493
I 5261
I 7182
I 3242
I 9623
I 4738
I 2754
I 9674
I 5015
I 1554
I 3007
I 8032
I 5032
I 8577
I 8519
I 9925
I 7407
I 5736
I 6570
I 4483
I 1289
I 1412
I 4827
I 8767
I 2806
I 601
I 2229
I 9052
I 1325
I 3487
I 6631
I 8035
I 5847
I 2365
I 3609
I 9883
I 5823
I 4400
I 5873
I 7047
I 472
I 5869
I 4005
I 9624
I 3355
I 9627
I 2959
I 5211
I 2369
I 4190
I 7863
I 9778
I 195
I 2740
I 7199
I 148
I 2576
I 6609
I 3590
I 270
I 1426
I 7775
I 3504
I 6926
I 3109
I 5186
I 1877
I 2318
I 6467
I 8787
I 1789
I 8311
I 2681
I 300
I 844
I 7334
I 7079
I 3163
I 2084
I 6577
I 6446
I 4567
I 8925
I 7277
I 6648
I 9893
I 9350
I 5299
I 8723
I 8392
I 1650
I 1217
I 7101
I 500
I 8684
I 4228
I 7755
I 2893
I 8024
I 697
I 5768
I 3031
I 4415
I 8341
I 5646
I 7420
I 1196
I 9136
I 3694
I 8293
I 2825
I 5877
I 5135
I 1730
I 2898
I 415
I 2535
I 3783
I 5586
I 7336
I 8620
I 8276
I 9865
I 8410
I 2963
I 2273
I 14
I 8164
I 1666
I 4998
I 9835
I 9303
I 6183
I 79
I 9997
I 8885
I 482
I 2617
I 8531
I 4073
I 4983
I 6581
I 5658
I 8418
I 7187
I 5321
I 8696
I 7780
I 7273
I 6977
I 1840
I 9202
I 4122
I 8671
I 961
I 4938
I 3768
I 7582
I 9874
I 5602
I 7738
I 4697
I 6199
I 6005
I 4695
I 7895
I 2038
I 1943
I 2698
I 8165
I 1962
I 3426
I 5358
I 6081
I 2631
I 51
I 7649
I 4882
I 196
I 4639
I 9733
I 4341
I 2503
I 849
I 8876
I 3150
I 9532
I 6712
I 4055
I 4298
I 6378
I 2551
I 7170
I 1996
I 2315
I 7587
I 6598
I 1374
I 2751
I 1586
I 4247
I 243
I 479
I 5026
I 4369
I 4152
I 6050
I 9405
I 5129
I 8006
I 7634
I 5843
I 9337
I 6950
I 2200
I 3291
I 3927
I 5012
I 8673
I 1587
I 3383
I 2276
I 1525
I 2491
I 2910
I 2328
I 6251
I 6028
I 6039
I 154
I 9153
I 2312
I 2674
I 623
I 8366
I 4712
I 2128
I 4315
I 1664
I 5814
I 8152
I 1935
I 1456
I 4654
I 2732
I 6982
I 5204
I 8862
I 9771
I 708
I 4922
I 2375
I 4489
I 991
I 7442
I 7208
I 4402
I 2729
I 4433
I 2665
I 7398
I 5053
I 2461
I 8611
I 3955
I 974
I 9537
I 8929
I 1923
I 7913
I 3864
I 9891
I 1466
I 936
I 4766
I 2868
I 4949
I 5082
I 9382
I 1361
I 587
I 6502
I 9184
I 3618
I 6356
I 9046
I 6553
I 4809
I 6801
I 2827
I 5197
I 3228
I 8303
I 9002
I 9309
I 5078
I 9939
I 1025
I 493
I 7252
I 6806
I 7875
I 5521
I 7124
I 5340
I 9316
I 5257
I 9367
I 6800
I 9534
I 9263
I 4520
I 2965
I 5300
I 1173
I 9861
I 9197
I 3994
I 9039
I 5892
I 2010
I 9219
I 5886
I 1000
I 4421
I 4052
I 2462
I 5524
I 3780
I 7933
I 7081
I 1523
I 347
I 9806
I 3045
I 9868
I 5271
I 8730
I 8811
I 9838
I 7726
I 4742
I 4693
I 2389
I 4154
I 7576
I 1415
I 8296
I 8210
I 9930
I 4192
I 3088
P
